CRM3_p.dat30
LINA
701150036.0 1 0.000000E+00 0.000000E+00 0.000000E+00 0.000000E+00
701150636.0 2 0.281609E+04 0.130483E+05 0.404578E+03 0.646340E+04
701151236.0 2 0.241518E+04 0.111913E+05 0.346831E+03 0.554362E+04
701151836.0 2 0.221947E+04 0.102952E+05 0.316121E+03 0.510083E+04
701152436.0 2 0.224641E+04 0.104322E+05 0.317052E+03 0.516991E+04
701153036.0 2 0.235798E+04 0.110791E+05 0.187090E+03 0.562386E+04
701153636.0 2 0.198617E+04 0.933433E+04 0.157757E+03 0.473767E+04
701154236.0 2 0.179569E+04 0.844008E+04 0.142698E+03 0.428356E+04
701154836.0 2 0.177864E+04 0.836461E+04 0.141695E+03 0.424411E+04
701155436.0 2 0.178175E+04 0.838390E+04 0.142294E+03 0.425275E+04
701156036.0 2 0.154312E+04 0.726477E+04 0.123517E+03 0.368416E+04
701156636.0 2 0.297570E+04 0.140393E+05 0.240454E+03 0.711233E+04


TAKASHI
701150336.0 2 0.278469E+03 0.128690E+04 0.408228E+02 0.637120E+03
701151236.0 2 0.334596E+03 0.154864E+04 0.484806E+02 0.766943E+03
701151836.0 2 0.364202E+03 0.168796E+04 0.522176E+02 0.836169E+03
701151236.0 2 0.334596E+03 0.154864E+04 0.484806E+02 0.766943E+03
701151836.0 2 0.364202E+03 0.168796E+04 0.522176E+02 0.836169E+03
701152436.0 2 0.611945E+03 0.283877E+04 0.871089E+02 0.140651E+04
701153036.0 2 0.610158E+03 0.283390E+04 0.860311E+02 0.140444E+04
701153636.0 2 0.887038E+03 0.416105E+04 0.698734E+02 0.211385E+04
701154236.0 2 0.979273E+03 0.459541E+04 0.772660E+02 0.233409E+04
701154836.0 2 0.964481E+03 0.452851E+04 0.762879E+02 0.229949E+04
701155436.0 2 0.973718E+03 0.457454E+04 0.772189E+02 0.232221E+04
701156036.0 2 0.946415E+03 0.444915E+04 0.752706E+02 0.225786E+04
701156636.0 2 0.935911E+03 0.440248E+04 0.746394E+02 0.223351E+04

PE.EPH.gsme_in_Re
LINA
701150636.0   7.753952  -7.938452  15.507598   7.753952  -0.446243  17.415668 2020.219042  3 21  4  3 56
701151236.0   7.739474  -7.714683  15.529619   7.739474  -0.357129  17.336603 2020.219061  3 21  4 13 56
701151836.0   7.724392  -7.489415  15.548458   7.724391  -0.267990  17.256132 2020.219080  3 21  4 23 56
701152436.0   7.708697  -7.262898  15.563960   7.708697  -0.178816  17.174242 2020.219099  3 21  4 33 56

TAKASHI
701150636.0   7.74504   -8.07583   15.44097    7.74504   -0.58076   17.41566  2020.221774  3 21  4  3    2.0     1
701151236.0   7.73211   -7.85255   15.46404    7.73211   -0.49141   17.33659  2020.221793  3 21  4 13    2.0     2
701151836.0   7.71858   -7.62771   15.48397    7.71858   -0.40202   17.25612  2020.221812  3 21  4 23    2.0     2
701152436.0   7.70443   -7.40158   15.50060    7.70443   -0.31259   17.17423  2020.221831  3 21  4 33    2.0     2





ver12
701451236.0** 0.137590E+05 0.202200E+04 0.557422E+04 0.000000E+00
701451536.0** 0.137613E+05 0.202732E+04 0.557444E+04 0.000000E+00
701451836.0** 0.137637E+05 0.203261E+04 0.557466E+04 0.000000E+00
701452136.0** 0.137660E+05 0.203787E+04 0.557488E+04 0.000000E+00
701452436.0** 0.137684E+05 0.204308E+04 0.557510E+04 0.000000E+00
701452736.0** 0.137707E+05 0.204824E+04 0.557531E+04 0.000000E+00
701453036.0** 0.535628E+04 0.798544E+03 0.216831E+04 0.000000E+00
701453336.0** 0.535715E+04 0.800507E+03 0.216839E+04 0.000000E+00

v23
701451236.0 3 0.126569E+05 0.402105E+05 0.587430E+04 0.162958E+05
701451536.0 3 0.127211E+05 0.404025E+05 0.591676E+04 0.163715E+05
701451836.0 3 0.125296E+05 0.397828E+05 0.583979E+04 0.161183E+05
701452136.0 3 0.125485E+05 0.398311E+05 0.586089E+04 0.161358E+05
701452436.0 3 0.122749E+05 0.389515E+05 0.574499E+04 0.157775E+05
701452736.0 3 0.115509E+05 0.366437E+05 0.541739E+04 0.148408E+05
701453036.0 3 0.115514E+05 0.366348E+05 0.542866E+04 0.148353E+05
701453336.0 3 0.116327E+05 0.368822E+05 0.547783E+04 0.149336E+05


v23a
701451236.0 3 0.126569E+05 0.402105E+05 0.587430E+04 0.162958E+05
701451536.0 3 0.127211E+05 0.404025E+05 0.591676E+04 0.163715E+05
701451836.0 3 0.125296E+05 0.397828E+05 0.583979E+04 0.161183E+05
701452136.0 3 0.125485E+05 0.398311E+05 0.586089E+04 0.161358E+05
701452436.0 3 0.122749E+05 0.389515E+05 0.574499E+04 0.157775E+05
701452736.0 3 0.115509E+05 0.366437E+05 0.541739E+04 0.148408E+05
701453036.0 3 0.115514E+05 0.366348E+05 0.542866E+04 0.148353E+05
701453336.0 3 0.116327E+05 0.368822E+05 0.547783E+04 0.149336E+05

v23a old model
701451236.0 3 0.410655E+06 0.130477E+07 0.190447E+06 0.528801E+06
701451536.0 3 0.425666E+06 0.135206E+07 0.197836E+06 0.547895E+06
701451836.0 3 0.229420E+06 0.728294E+06 0.107076E+06 0.295049E+06
701452136.0 3 0.154807E+06 0.491290E+06 0.724047E+05 0.199008E+06
701452436.0 3 0.154831E+06 0.491223E+06 0.725672E+05 0.198954E+06
701452736.0 3 0.297947E+06 0.945302E+06 0.139621E+06 0.382869E+06
701453036.0 3 0.296346E+06 0.939956E+06 0.139153E+06 0.380656E+06
701453336.0 3 0.301361E+06 0.955579E+06 0.141807E+06 0.386932E+06

v33
701451236.0 3 0.126569E+05 0.402105E+05 0.587430E+04 0.162958E+05
701451536.0 3 0.127211E+05 0.404025E+05 0.591676E+04 0.163715E+05
701451836.0 3 0.125296E+05 0.397828E+05 0.583979E+04 0.161183E+05
701452136.0 3 0.125485E+05 0.398311E+05 0.586089E+04 0.161358E+05
701452436.0 3 0.122749E+05 0.389515E+05 0.574499E+04 0.157775E+05
701452736.0 3 0.115509E+05 0.366437E+05 0.541739E+04 0.148408E+05
701453036.0 3 0.115514E+05 0.366348E+05 0.542866E+04 0.148353E+05
701453336.0 3 0.116327E+05 0.368822E+05 0.547783E+04 0.149336E+05


